 scan mrt function with          100  pts
 Set up all Inputs
 Read Configuration Parameters
 Read Input File Names
 Read Radiative Transfer Parameters
 Read Grid Parameters
 Read Output Control Parameters
 Read Instrument Specifications
 Read Single Text Atmospheric Profile
 Set up all Outputs
 read Obs Tb: /home/schaefek/code/testbed/inputs/Case_01.csv
           1   209.30153999999999        209.30153999999999     
           2   216.03783000000001        216.03783000000001     
           3   205.31906000000001        205.31906000000001     
           4   205.54662999999999        205.54662999999999     
           5   219.95122000000001        219.95122000000001     
           6   219.47887000000000        219.47887000000000     
           7   199.61143000000001        199.61143000000001     
           8   198.98802000000001        198.98802000000001     
           9   190.15670000000000        190.15670000000000     
          10   156.03888000000001        156.03888000000001     
          11   191.94835000000000        191.94835000000000     
          12   180.20499000000001        180.20499000000001     
          13   172.32341000000000        172.32341000000000     
          14   168.27412000000001        168.27412000000001     
          15   154.66363999999999        154.66363999999999     
           1   0.0000000000000000        4.6567682510849411E-002   0.0000000000000000        0.0000000000000000        0.0000000000000000     
           2   0.0000000000000000        4.6067707392631149E-002   0.0000000000000000        0.0000000000000000        0.0000000000000000     
           3   0.0000000000000000        4.5261080868572341E-002   0.0000000000000000        0.0000000000000000        0.0000000000000000     
           4   0.0000000000000000        4.3987810900843166E-002   0.0000000000000000        0.0000000000000000        0.0000000000000000     
           5   0.0000000000000000        4.2081239116704167E-002   0.0000000000000000        0.0000000000000000        0.0000000000000000     
           6   0.0000000000000000        3.9584696693067613E-002   0.0000000000000000        4.1667926352310394E-006   0.0000000000000000     
           7   2.1681058469749631E-012   3.6131535209906779E-002   0.0000000000000000        1.3537992934368760E-004   0.0000000000000000     
           8   4.9634044965604762E-012   3.0102168600939960E-002   0.0000000000000000        1.2512377308530360E-003   3.1256444490533194E-006
           9   7.7186517422157755E-012   2.0158996766560536E-002   0.0000000000000000        6.2023579998703449E-003   4.0407989054400366E-005
          10   9.2171529386921141E-012   6.9196556361408182E-003   0.0000000000000000        2.8098934960612099E-002   1.9415367107397232E-004
          11   4.9217540822071944E-012   4.4751106247989708E-005   1.0760000000000000E-005   3.2586711621739269E-002   1.3068349639989069E-003
          12   0.0000000000000000        2.9947842947783252E-009   2.0058999999999999E-005   1.8850061907065115E-002   1.3921307191669434E-004
          13   0.0000000000000000        0.0000000000000000        1.4549000000000000E-006   7.2909704906042533E-003   4.6124371239362555E-005
          14   0.0000000000000000        0.0000000000000000        0.0000000000000000        2.9001890024114292E-003   1.0908790446031633E-005
          15   0.0000000000000000        0.0000000000000000        0.0000000000000000        1.4905591541068464E-003   7.8139444642605611E-006
          16   0.0000000000000000        0.0000000000000000        0.0000000000000000        7.7316152281272857E-007   3.6701506844675603E-008
          17   0.0000000000000000        0.0000000000000000        0.0000000000000000        2.0061001643389757E-006   0.0000000000000000     
          18   0.0000000000000000        0.0000000000000000        0.0000000000000000        0.0000000000000000        0.0000000000000000     
          19   0.0000000000000000        0.0000000000000000        0.0000000000000000        0.0000000000000000        0.0000000000000000     
          20   0.0000000000000000        0.0000000000000000        0.0000000000000000        0.0000000000000000        0.0000000000000000     
          21   0.0000000000000000        0.0000000000000000        0.0000000000000000        0.0000000000000000        0.0000000000000000     
          22   0.0000000000000000        0.0000000000000000        0.0000000000000000        0.0000000000000000        0.0000000000000000     
          23   0.0000000000000000        0.0000000000000000        0.0000000000000000        0.0000000000000000        0.0000000000000000     
          24   0.0000000000000000        0.0000000000000000        0.0000000000000000        0.0000000000000000        0.0000000000000000     
          25   0.0000000000000000        0.0000000000000000        0.0000000000000000        0.0000000000000000        0.0000000000000000     
          26   0.0000000000000000        0.0000000000000000        0.0000000000000000        0.0000000000000000        0.0000000000000000     
          27   0.0000000000000000        0.0000000000000000        0.0000000000000000        0.0000000000000000        0.0000000000000000     
          28   0.0000000000000000        0.0000000000000000        0.0000000000000000        0.0000000000000000        0.0000000000000000     
          29   0.0000000000000000        0.0000000000000000        0.0000000000000000        0.0000000000000000        0.0000000000000000     
          30   0.0000000000000000        0.0000000000000000        0.0000000000000000        0.0000000000000000        0.0000000000000000     
          31   0.0000000000000000        0.0000000000000000        0.0000000000000000        0.0000000000000000        0.0000000000000000     
          32   0.0000000000000000        0.0000000000000000        0.0000000000000000        0.0000000000000000        0.0000000000000000     
          33   0.0000000000000000        0.0000000000000000        0.0000000000000000        0.0000000000000000        0.0000000000000000     
          34   0.0000000000000000        0.0000000000000000        0.0000000000000000        0.0000000000000000        0.0000000000000000     
          35   0.0000000000000000        0.0000000000000000        0.0000000000000000        0.0000000000000000        0.0000000000000000     
          36   0.0000000000000000        0.0000000000000000        0.0000000000000000        0.0000000000000000        0.0000000000000000     
          37   0.0000000000000000        0.0000000000000000        0.0000000000000000        0.0000000000000000        0.0000000000000000     
          38   0.0000000000000000        0.0000000000000000        0.0000000000000000        0.0000000000000000        0.0000000000000000     
          39   0.0000000000000000        0.0000000000000000        0.0000000000000000        0.0000000000000000        0.0000000000000000     
          40   0.0000000000000000        0.0000000000000000        0.0000000000000000        0.0000000000000000        0.0000000000000000     
          41   0.0000000000000000        0.0000000000000000        0.0000000000000000        0.0000000000000000        0.0000000000000000     
          42   0.0000000000000000        0.0000000000000000        0.0000000000000000        0.0000000000000000        0.0000000000000000     
          43   0.0000000000000000        0.0000000000000000        0.0000000000000000        0.0000000000000000        0.0000000000000000     
          44   0.0000000000000000        0.0000000000000000        0.0000000000000000        0.0000000000000000        0.0000000000000000     
          45   0.0000000000000000        0.0000000000000000        0.0000000000000000        0.0000000000000000        0.0000000000000000     
          46   0.0000000000000000        0.0000000000000000        0.0000000000000000        0.0000000000000000        0.0000000000000000     
          47   0.0000000000000000        0.0000000000000000        0.0000000000000000        0.0000000000000000        0.0000000000000000     
          48   0.0000000000000000        0.0000000000000000        0.0000000000000000        0.0000000000000000        0.0000000000000000     
          49   0.0000000000000000        0.0000000000000000        0.0000000000000000        0.0000000000000000        0.0000000000000000     
          50   0.0000000000000000        0.0000000000000000        0.0000000000000000        0.0000000000000000        0.0000000000000000     
          51   0.0000000000000000        0.0000000000000000        0.0000000000000000        0.0000000000000000        0.0000000000000000     
          52   0.0000000000000000        0.0000000000000000        0.0000000000000000        0.0000000000000000        0.0000000000000000     
          53   0.0000000000000000        0.0000000000000000        0.0000000000000000        0.0000000000000000        0.0000000000000000     
          54   0.0000000000000000        0.0000000000000000        0.0000000000000000        0.0000000000000000        0.0000000000000000     
          55   0.0000000000000000        0.0000000000000000        0.0000000000000000        0.0000000000000000        0.0000000000000000     
          56   0.0000000000000000        0.0000000000000000        0.0000000000000000        0.0000000000000000        0.0000000000000000     
          57   0.0000000000000000        0.0000000000000000        0.0000000000000000        0.0000000000000000        0.0000000000000000     
          58   0.0000000000000000        0.0000000000000000        0.0000000000000000        0.0000000000000000        0.0000000000000000     
          59   0.0000000000000000        0.0000000000000000        0.0000000000000000        0.0000000000000000        0.0000000000000000     
          60   0.0000000000000000        0.0000000000000000        0.0000000000000000        0.0000000000000000        0.0000000000000000     
          61   0.0000000000000000        0.0000000000000000        0.0000000000000000        0.0000000000000000        0.0000000000000000     
          62   0.0000000000000000        0.0000000000000000        0.0000000000000000        0.0000000000000000        0.0000000000000000     
          63   0.0000000000000000        0.0000000000000000        0.0000000000000000        0.0000000000000000        0.0000000000000000     
          64   0.0000000000000000        0.0000000000000000        0.0000000000000000        0.0000000000000000        0.0000000000000000     
          65   0.0000000000000000        0.0000000000000000        0.0000000000000000        0.0000000000000000        0.0000000000000000     
          66   0.0000000000000000        0.0000000000000000        0.0000000000000000        0.0000000000000000        0.0000000000000000     
          67   0.0000000000000000        0.0000000000000000        0.0000000000000000        0.0000000000000000        0.0000000000000000     
          68   0.0000000000000000        0.0000000000000000        0.0000000000000000        0.0000000000000000        0.0000000000000000     
          69   0.0000000000000000        0.0000000000000000        0.0000000000000000        0.0000000000000000        0.0000000000000000     
          70   0.0000000000000000        0.0000000000000000        0.0000000000000000        0.0000000000000000        0.0000000000000000     
          71   0.0000000000000000        0.0000000000000000        0.0000000000000000        0.0000000000000000        0.0000000000000000     
          72   0.0000000000000000        0.0000000000000000        0.0000000000000000        0.0000000000000000        0.0000000000000000     
          73   0.0000000000000000        0.0000000000000000        0.0000000000000000        0.0000000000000000        0.0000000000000000     
           1           3           4
           2           5           6
           3           7           8
           4           9          10
           5          11          12
