RS750971914
TEST NBR SR18675
RAWINSONDE GPS/NASA
POINT MUGU, CALIFORNIA
1914Z  07 APR 2005
ASCENT NBR   038
                                                                        
  ALT  DIR   SPD  SHR  TEMP  DPT   PRESS   RH ABHUM DENSITY I/R V/S  VPR   PW
GEOMFT DEG   KTS /SEC DEG C DEG C   MBS   PCT  G/M3   G/M3   N  KTS  MBS   MM
     7 300  11.0 .000  14.9   9.9 1016.00  72  9.18 1221.07 329 661 16.95   0
  1000   0   0.0 .000  11.7   8.0  979.99  78  8.16 1192.43 316 657 13.75   4
  2000 266  14.0 .047  10.2   8.1  944.98  87  8.25 1156.41 309 656 12.42   7
  3000 277  14.0 .009   8.6   7.1  911.03  90  7.76 1121.44 298 654 11.18   9
  4000 279  13.0 .005   7.2   6.0  877.92  92  7.23 1086.36 287 652 10.16  12
  5000 268   8.0 .016   6.2   4.1  846.15  87  6.36 1051.04 274 651  9.46  14
  6000 235  11.0 .020   5.1   4.7  815.18  97  6.64 1016.67 268 650  8.78  16
  7000 225  19.0 .027   3.6   2.6  785.35  93  5.76  985.07 256 648  7.90  18
  8000 225  29.0 .032   2.5  -8.2  756.43  45  2.59  952.51 229 647  7.33  20
  9000 233  35.0 .024   1.5 -11.4  728.43  38  2.02  920.74 218 646  6.82  22
 10000 240  39.0 .020   1.5 -29.3  701.51   8  0.42  886.60 201 646  6.82  23
 11000 235  44.0 .021   0.1 -25.1  675.43  13  0.63  858.26 196 644  6.15  25
 12000 237  47.0 .010  -2.5 -25.7  650.14  15  0.60  834.46 190 641  5.08  26
 13000 237  46.0 .002  -4.5 -24.7  625.54  19  0.66  809.26 185 638  4.36  27
 14000 238  53.0 .021  -6.8 -20.5  601.72  33  0.97  785.17 182 636  3.68  28
 15000 235  57.0 .017  -7.7 -20.2  578.70  36  1.00  757.84 176 635  3.42  29
 16000 232  54.0 .015  -9.0 -23.8  556.50  29  0.73  732.45 168 633  3.09  30
 17000 231  53.0 .003 -11.7 -24.5  534.90  34  0.70  711.44 163 630  2.50  31
 18000 232  58.0 .017 -13.7 -25.9  514.04  35  0.61  689.16 158 627  2.12  31
 19000 229  61.0 .013 -15.9 -26.2  493.82  41  0.60  667.81 153 625  1.77  32
 20000 232  66.0 .021 -17.8 -27.1  474.25  44  0.56  646.24 148 622  1.51  32
 21000 234  68.0 .009 -20.2 -27.6  455.25  52  0.54  626.27 143 620  1.23  33
 22000 235  67.0 .006 -22.9 -28.4  436.92  61  0.51  607.77 139 616  0.96  33
 23000 233  68.0 .009 -25.5 -30.0  419.05  66  0.44  589.12 134 613  0.76  33
 24000 235  71.0 .011 -28.1 -32.8  401.77  64  0.34  570.85 130 610  0.60  33
 25000 234  75.0 .015 -29.9 -34.7  385.02  64  0.28  551.24 125 607  0.50  33
 26000 232  72.0 .012 -32.3 -37.5  368.89  60  0.21  533.40 120 604  0.40  34
 27000 231  71.0 .008 -34.8 -39.6  353.28  62  0.18  516.10 116 601  0.32  34
 28000 228  72.0 .011 -37.2 -42.2  338.12  60  0.13  499.08 112 598  0.25  34
 29000 232  68.0 .019 -39.6 -45.1  323.48  56  0.10  482.41 108 595  0.19  34
 30000 237  72.0 .024 -42.5 -48.4  309.39  53  0.07  467.15 105 592  0.14  34
 31000 236  70.0 .009 -45.3 -51.2  295.73  52  0.05  452.14 101 588  0.10  34
 32000 234  73.0 .012 -48.2 -54.3  282.47  50  0.04  437.35  98 584  0.08  34
 33000 231  70.0 .015 -50.7 -57.1  269.69  47  0.03  422.22  94 581  0.06  34
 34000 234  67.0 .014 -51.6 -67.9  257.37  13  0.01  404.64  90 580  0.05  34
 35000 230  71.0 .020 -53.9 -72.5  245.54   9  0.00  390.03  87 577  0.04  34
 36000 231  83.0 .039 -55.3 -72.9  234.18  10  0.00  374.46  83 575  0.03  34
 37000 237  88.0 .033 -55.3 -72.2  223.26  11  0.00  357.00  80 575  0.03  34
 38000 234  78.0 .036 -54.9 -73.3  212.96   9  0.00  339.91  76 575  0.03  34
 39000 231  74.0 .017 -54.4 -75.6  203.06   6  0.00  323.36  72 576  0.04  34
 40000 229  76.0 .010 -52.8 -77.1  193.73   4  0.00  306.26  68 578  0.04  34
 41000 235  71.0 .029 -52.7 -77.0  184.82   4  0.00  291.98  65 578  0.04  34
 42000 253  70.0 .073 -52.3 -78.6  176.35   3  0.00  278.13  62 579  0.05  34
 43000 259  52.0 .061 -51.1 -77.7  168.33   3  0.00  264.11  59 580  0.05  34
 44000 248  48.0 .032 -52.6 -78.8  160.63   3  0.00  253.73  57 578  0.04  34
 45000 240  51.0 .025 -55.0 -80.6  153.24   3  0.00  244.72  55 575  0.03  34
                                                                        
TERMINATION       45489 GEOPFT  13864 MTRS GEOP  148.7 MBS
                                                                        
TROPOPAUSE   35714  FEET   237.40 MB  -55.5 C  -73.8 C   85N
                                                                        
MANDATORY LEVELS
GEOPFT DIR KTS  TEMP   DPT PRESS   RH
                                     
   443   0   0  11.7   9.1 1000.0  84
  1853 266  14  10.6   7.8  950.0  83
  2580 276  19   9.6   7.5  925.0  87
  3325 285  18   8.3   6.8  900.0  90
  4869 275   9   6.4   4.3  850.0  87
  6499 229  16   4.3   3.6  800.0  95
  8216 227  29   2.6  -2.3  750.0  70
 10040 241  39   1.4 -29.4  700.0   8
 11986 237  47  -2.5 -25.7  650.0  15
 14051 237  53  -6.8 -20.4  600.0  33
 16267 233  54  -9.6 -23.6  550.0  31
 18653 229  59 -15.2 -26.1  500.0  39
 21241 236  69 -21.0 -27.5  450.0  56
 24052 235  72 -28.2 -33.1  400.0  63
 27149 232  70 -35.4 -40.0  350.0  63
 30610 237  71 -44.5 -50.8  300.0  50
 34527 233  71 -53.0 -71.0  250.0  10
 39209 229  70 -53.4 -76.0  200.0   5
 42041 256  67 -51.9 -78.3  175.0   3
 45303 237  50 -56.3 -81.6  150.0   3
SIGNIFICANT LEVELS
GEOMFT DIR KTS  TEMP   DPT PRESS   IR  RH
                                          
     7 300  11  14.9   9.9 1016.0 329  72
   565   0   0  11.6   8.5  995.6 322  81
   762   0   0  12.0   8.1  988.6 319  77
  5575 237   9   5.5   5.4  828.2 274  99
  7510 226  23   2.8   2.2  770.4 252  96
  7668 223  25   2.6   1.1  765.9 248  90
  7882 224  27   2.4  -8.9  759.8 229  43
  8608 229  30   1.8  -0.8  739.3 237  83
  8901 233  34   1.2  -5.3  731.2 227  62
  9049 233  35   1.7 -18.9  727.1 212  20
  9443 233  35   2.8 -29.7  716.4 204   7
 13872 238  52  -6.7 -20.3  604.7 182  33
 14467 239  56  -7.4 -17.9  590.9 180  43
 16339 233  54  -9.6 -24.0  549.1 166  30
 19418 231  64 -16.7 -27.2  485.6 151  40
 23278 233  69 -26.3 -29.7  414.2 133  73
 23973 235  70 -28.1 -32.7  402.2 130  65
 29587 234  74 -40.9 -46.9  315.2 106  53
 32499 233  71 -49.6 -55.6  276.1  96  50
 33961 234  67 -51.5 -67.8  257.9  90  13
 35714 229  80 -55.5 -73.8  237.4  85   9
 42703 259  58 -50.8 -77.4  170.7  60   3
 45635 236  50 -56.8 -82.0  148.7  53   3
                                          

